"Species
Species","Abundance
Foundations","Abundance
Controls","Contribution
Contribution","Cumulative
Cumulative"
Cancer pagurus,1.39,0.11,16.71,16.71
Pagurus                        spp.,1.13,0.28,12.03,28.74
Marthasterias glacialis,1.04,0.08,10.61,39.35
Astropecten irregularis,0.48,0.94,9.42,48.77
Gadus morhua                        (juv.),0.79,0.21,6.52,55.29
Liocarcinus depurator,0.54,0.28,6.35,61.64
Asterias rubens,0.47,0.03,4.93,66.57
Ctenolabrus rupestris,0.45,0,4.04,70.61
Hyas araneus,0.29,0.05,3.67,74.28
Ophiuroidea,0.45,0.01,3.41,77.69
Pomatoschistus                        spp.,0.13,0.2,2.72,80.4
Average dissimilarity,,,,81.56
